


















1.107E3	-854.7	193	1.262E3	-662.4	193	1.279E3	-557.5	193
























































									1.521E3	-828.4	250	1.334E3	-639.1	250	1.331E3	-551.7	250				810.0	-461.3	250













































































									784.6	-842.7	328	847.0	-660.8	328	909.3	-549.1	328				393.3	-481.7	328





























308.8	-828.4	358	445.8	-656.5	358	460.3	-542.9	358													169.0	-493.4	358





































553.4	-640.0	396	571.6	-538.7	396

























183.6	-609.9	422	99.06	-513.8	422
