#multi:
	nose			front left paw 			front left knee			front left thigh			back left paw 			back left knee 			back left thigh			tail base 			
t	x	y	frame	x	y	frame	x	y	frame	x	y	frame	x	y	frame	x	y	frame	x	y	frame	x	y	frame	
1.217													1.739E3	-729.4	146	1.774E3	-601.2	146	1.803E3	-513.8	146			
1.225																								
1.233																								
1.242																								
1.250																								
1.258																								
1.267																								
1.275																								
1.283																								
1.292																								
1.300																								
1.308																								
1.317																								
1.325	1.378E3	-478.8	159	1.413E3	-749.8	159	1.547E3	-580.8	159	1.570E3	-499.2	159												
1.333																								
1.342																								
1.350																								
1.358																								
1.367																								
1.375																								
1.383																								
1.392																								
1.400																								
1.408																								
1.417																								
1.425																								
1.433																								
1.442																								
1.450																								
1.458																								
1.467																								
1.475																								
1.483																								
1.492																								
1.500																								
1.508																								
1.517																								
1.525																								
1.533																								
1.542																								
1.550																								
1.558																								
1.567																								
1.575																								
1.583																								
1.592																								
1.600																								
1.608																								
1.617																								
1.625																								
1.633																								
1.642																								
1.650																								
1.658																								
1.667																								
1.675																								
1.683																								
1.692																								
1.700																								
1.708																								
1.717																								
1.725																								
1.733																								
1.742																								
1.750																								
1.758																								
1.767																								
1.775																								
1.783																								
1.792																								
1.800																								
1.808																								
1.817																								
1.825																								
1.833																								
1.842	1.107E3	-534.2	221										1.681E3	-735.2	221	1.556E3	-607.0	221	1.535E3	-508.0	221			
1.850																								
1.858																								
1.867																								
1.875																								
1.883																								
1.892																								
1.900																								
1.908																								
1.917																								
1.925																								
1.933																								
1.942																								
1.950																								
1.958																								
1.967																								
1.975																								
1.983																								
1.992																								
2.000																								
2.008																								
2.017																								
2.025																								
2.033																								
2.042																								
2.050	996.4	-522.5	246	1.413E3	-764.3	246	1.326E3	-577.9	246	1.256E3	-516.7	246												
2.058																								
2.067																								
2.075																								
2.083																								
2.092																								
2.100																								
2.108																								
2.117																								
2.125																								
2.133																								
2.142																								
2.150																								
2.158																								
2.167																								
2.175																								
2.183																								
2.192																								
2.200																								
2.208																								
2.217																								
2.225																								
2.233																								
2.242																								
2.250																								
2.258																								
2.267																								
2.275																								
2.283																								
2.292																								
2.300																								
2.308																								
2.317																								
2.325																								
2.333																								
2.342																								
2.350																								
2.358																								
2.367																								
2.375																								
2.383																								
2.392																								
2.400																								
2.408																								
2.417																								
2.425																								
2.433																								
2.442																								
2.450																								
2.458																								
2.467																								
2.475																								
2.483																								
2.492																								
2.500																								
2.508																								
2.517																								
2.525																								
2.533																								
2.542																								
2.550																								
2.558																								
2.567	710.9	-554.6	308										1.122E3	-758.5	308				1.195E3	-522.5	308			
2.575																								
2.583																								
2.592																								
2.600																								
2.608																								
2.617																								
2.625																								
2.633																								
2.642																								
2.650																								
2.658																								
2.667																								
2.675																								
2.683																								
2.692																								
2.700	617.7	-528.3	324	742.9	-770.2	324	888.6	-604.1	324	914.8	-493.4	324												
2.708																								
2.717																								
2.725																								
2.733																								
2.742																								
2.750																								
2.758																								
2.767																								
2.775																								
2.783																								
2.792																								
2.800																								
2.808																								
2.817																								
2.825																								
2.833																								
2.842																								
2.850																								
2.858																								
2.867																								
2.875																								
2.883																								
2.892																								
2.900																								
2.908																								
2.917																								
2.925																								
2.933																								
2.942																								
2.950																								
2.958																								
2.967																								
2.975																								
2.983																								
2.992																								
3.000																								
3.008																								
3.017																								
3.025																								
3.033																								
3.042																								
3.050																								
3.058																								
3.067																								
3.075																								
3.083																								
3.092																								
3.100																								
3.108																								
3.117																								
3.125																								
3.133																								
3.142																								
3.150																								
3.158																								
3.167																								
3.175																								
3.183																								
3.192																								
3.200	279.7	-627.4	384													894.4	-609.9	384	888.6	-487.6	384			
3.208																								
3.217																								
3.225																								
3.233																								
3.242																								
3.250																								
3.258																								
3.267																								
3.275																								
3.283																								
3.292																								
3.300	221.4	-639.1	396	748.8	-778.9	396	684.7	-580.8	396	574.0	-510.9	396												
3.308																								
3.317																								
3.325																								
3.333																								
3.342																								
3.350																								
3.358																								
3.367																								
3.375																								
3.383																								
3.392																								
3.400																								
3.408																								
3.417																								
3.425																								
3.433																								
3.442																								
3.450																								
3.458																								
3.467																								
3.475																								
3.483																								
3.492																								
3.500																								
3.508																								
3.517																								
3.525																								
3.533																								
3.542																								
3.550																								
3.558																								
3.567																								
3.575																								
3.583																								
3.592																								
3.600																								
3.608																								
3.617																								
3.625																								
3.633																								
3.642																								
3.650																								
3.658																								
3.667																								
3.675																								
3.683																								
3.692																								
3.700																								
3.708																								
3.717																								
3.725																								
3.733																								
3.742																								
3.750																								
3.758																								
3.767																								
3.775																								
3.783																								
3.792																								
3.800																								
3.808																								
3.817													329.2	-784.7	458	361.3	-595.4	458	442.9	-510.9	458	527.3	-502.1	458
3.825																								
3.833																								
3.842																								
3.850																								
3.858																								
3.867																								
3.875																								
3.883																								
3.892																								
3.900																								
3.908																								
3.917																								
3.925																								
3.933																								
3.942																								
3.950																								
3.958																								
3.967																								
3.975																								
3.983																								
3.992																								
4.000																								
4.008																								
4.017																								
4.025																								
4.033																								
4.042																								
4.050																								
4.058																								
4.067																								
4.075																								
4.083																								
4.092																								
4.100																								
4.108																								
4.117																								
4.125																								
4.133																								
4.142																								
4.150																								
4.158																								
4.167																								
4.175																								
4.183																								
4.192																								
4.200																								
4.208																								
4.217																								
4.225																								
4.233																								
4.242																								
4.250																								
4.258																								
4.267																								
4.275																								
4.283																								
4.292																								
4.300																								
4.308																								
4.317																								
4.325																								
4.333																								
4.342																								
4.350																								
4.358													265.1	-802.2	523	99.06	-618.7	523	96.15	-510.9	523	119.5	-449.7	523
