

















































												725.8	-667.3	139	648.0	-578.2	139	524.9	-547.1	139
















1.214E3	-844.2	156																607.0	-559.8	156



































































												949.4	-682.9	224	952.2	-574.0	224	892.8	-541.4	224














1.017E3	-716.9	239	1.024E3	-602.3	239


















































































1.413E3	-579.6	322	1.303E3	-541.4	322





















































































1.763E3	-558.4	408
