#multi:
	nose			right_front_paw			right_front_thigh			tail			right_front_knee			eye_n			back_right_paw			back right thigh			back right knee			
t	x	y	frame	x	y	frame	x	y	frame	x	y	frame	x	y	frame	x	y	frame	x	y	frame	x	y	frame	x	y	frame	
0.408	95.60	-82.92	49	69.20	-115.7	49	44.61	-82.92	49				47.34	-106.6	49												
																																																				
0.758	157.5	-56.51	91							16.39	-79.27	91							55.54	-117.5	91	36.42	-79.27	91	43.70	-97.48	91
0.767	157.5	-56.51	92	74.66	-117.5	92	84.67	-82.01	92	18.21	-81.09	92	76.48	-97.48	92	142.9	-53.78	92																																																														
1.233	278.6	-102.9	148							98.33	-69.26	148				268.6	-93.84	148	86.49	-113.9	148	118.4	-75.63	148	102.9	-92.93	148
1.242	276.8	-99.30	149	243.1	-118.4	149	224.9	-93.84	149	97.42	-71.08	149	224.0	-109.3	149																																							
1.417	315.0	-82.01	170	244.9	-117.5	170	244.0	-84.74	170	159.3	-69.26	170	231.3	-102.9	170																																							
1.575	356.0	-55.60	189							205.8	-80.18	189				341.4	-53.78	189	243.1	-115.7	189				224.9	-97.48	189																									
1.900																											
1.908	454.3	-71.08	229							263.1	-81.09	229				437.9	-67.44	229	250.4	-119.3	229	285.0	-81.09	229	272.2	-95.66	229
																										
2.017	478.9	-85.65	242	446.1	-119.3	242	416.1	-90.20	242	298.6	-72.90	242	430.7	-112.1	242												
																											
2.292	540.8	-53.78	275							394.6	-86.90	275				531.7	-51.96	275	441.6	-119.3	275	414.1	-84.47	275	414.1	-103.1	275
																										
2.333	550.8	-46.50	280	456.1	-118.4	280	476.2	-86.56	280	397.9	-88.38	280	470.7	-108.4	280												
