#multi:
	nose			eye_n			front_right_paw			front_right knee			front_right_thigh			back_right_paw			back_right_knee			tail			back right thigh			
t	x	y	frame	x	y	frame	x	y	frame	x	y	frame	x	y	frame	x	y	frame	x	y	frame	x	y	frame	x	y	frame	
0.192				257.7	-110.2	23	124.7	-179.4	23	140.2	-165.8	23	153.9	-144.8	23												
0.200	266.8	-113.9	24																								
0.242																											
0.250																126.6	-177.6	30	105.6	-159.4	30				93.78	-133.9	30
0.342																											
																										
0.558																											
0.567																											
0.575	413.4	-102.9	69				363.3	-160.3	69	347.8	-139.4	69	336.0	-120.2	69	156.6	-175.8	69	168.4	-146.6	69	175.7	-103.9	69	190.3	-124.8	69
0.583																																																				
0.842																											
0.850	482.5	-106.6	102	475.3	-103.9	102	370.6	-160.3	102	382.4	-140.3	102	399.7	-123.0	102							295.9	-100.2	102			
0.858																											
0.867																																																			
0.975																											
0.983	521.7	-86.56	118	509.9	-84.74	118										388.8	-149.4	118	372.4	-136.6	118	334.1	-113.9	118	363.3	-113.9	118
0.992																											
																			
1.275																											
1.283							559.0	-144.8	154	554.5	-127.5	154	547.2	-112.1	154							415.2	-96.57	154			
1.292																											
1.300																											
1.308																											
1.317													438.8	-104.8	158	409.7	-151.2	158	428.8	-126.6	158	426.1	-91.11	158			
