#multi:
	nose			front_right_paw			front_right_knee			front_right_thigh			back_right paw			back_right_knee			Back_right_thigh			tail			eye_n			
t	x	y	frame	x	y	frame	x	y	frame	x	y	frame	x	y	frame	x	y	frame	x	y	frame	x	y	frame	x	y	frame	
0.258	101.1	-72.90	31	71.02	-128.4	31	52.81	-117.5	31	44.61	-97.48	31													87.41	-67.44	31

0.533	170.3	-87.47	64	66.46	-127.5	64	76.48	-108.4	64	85.58	-95.66	64													155.7	-82.01	64
									
0.750	228.5	-73.81	90										96.51	-130.3	90	82.85	-117.5	90	88.32	-95.66	90	68.29	-94.75	90	223.1	-68.35	90
										
1.058	c	127	254.9	-119.3	127	242.2	-108.4	127	240.4	-93.84	127	122.0	-123.9	127	144.8	-100.2	127	159.3	-90.20	127	137.5	-82.92	127	302.3	-87.47	127
1.067																																									
1.375							301.4	-108.4	165	312.3	-90.20	165	289.5	-120.2	165	264.9	-104.8	165	257.7	-78.36	165	236.7	-88.38	165	367.8	-73.81	165
1.383																																											
1.692				410.6	-110.2	203	405.2	-98.39	203				295.9	-119.3	203	298.6	-100.2	203	315.9	-85.65	203	296.8	-83.83	203	441.6	-70.17	203
1.700										394.2	-80.18	204			
									
2.125																						395.1	-86.56	255	505.3	-68.35	255
								
2.142													436.1	-109.3	257				427.0	-97.48	258									


2.433				534.4	-108.4	292				529.9	-82.92	292				527.2	-97.48	292				437.9	-77.45	292			
																							
2.475										465.3	-78.36	297	453.4	-112.1	297	449.8	-95.66	297									


2.825													544.5	-103.9	339	536.3	-89.29	339									
