#multi:
	nose			front left paw			front left knee			front left thigh			back left paw			back left knee			back left thigh			tail			eye			
t	x	y	frame	x	y	frame	x	y	frame	x	y	frame	x	y	frame	x	y	frame	x	y	frame	x	y	frame	x	y	frame	
0.950	417.9	-88.38	114	471.6	-127.5	114	488.0	-111.1	114	501.7	-94.75	114													430.7	-81.09	114
											
1.408				456.1	-125.7	169	445.2	-112.1	169	426.1	-92.02	169										521.7	-88.38	169	345.1	-67.44	169
												468.9	-124.8	175	484.4	-112.1	175	498.9	-97.48	175	510.8	-88.38	175			
																																									
1.883	241.3	-102.0	226	281.3	-132.1	226	303.2	-121.2	226	319.6	-102.0	226										445.2	-78.36	226	248.6	-95.66	226
																										
1.975	225.8	-93.84	237										445.2	-125.7	237	427.9	-101.1	237	405.2	-80.18	237	427.9	-75.63	237	240.4	-92.93	237
1.983																										
2.350				276.8	-128.4	282	257.7	-110.2	282	249.5	-88.38	282										356.0	-99.30	282			
																										
2.825	60.09	-115.7	339	97.42	-137.5	339	123.8	-130.3	339	137.5	-109.3	339										273.1	-67.44	339	68.29	-112.1	339																											
2.908													274.1	-129.3	349	261.3	-107.5	349	242.2	-86.56	349																																	
3.383				85.58	-133.0	406	75.57	-121.2	406	61.91	-93.84	406	104.7	-139.4	406	132.0	-121.2	406	146.6	-99.30	406	172.1	-102.9	406			
																										
3.958													95.60	-133.9	475	89.23	-103.9	475	66.46	-82.92	475	86.49	-79.27	475			
