#multi:
	nose			eye			front left paw			front left knee			front left thigh			back left paw			back left knee			back left thigh			tail			
t	x	y	frame	x	y	frame	x	y	frame	x	y	frame	x	y	frame	x	y	frame	x	y	frame	x	y	frame	x	y	frame	
0.825	163.5	184.4	99	169.8	189.9	99	193.5	138.9	99	207.2	151.6	99	212.6	168.9	99												
0.833																											
0.842																											
0.850																											
0.858																											
0.867																											
0.875																											
0.883																											
0.892																											
0.900																											
0.908																											
0.917																											
0.925																											
0.933																											
0.942																											
0.950																											
0.958																											
0.967																											
0.975																											
0.983																											
0.992																											
1.000																											
1.008																											
1.017																											
1.025																											
1.033																											
1.042																											
1.050																											
1.058																											
1.067																											
1.075																											
1.083																											
1.092																											
1.100																											
1.108																											
1.117																											
1.125																											
1.133																											
1.142																											
1.150																											
1.158																											
1.167																											
1.175																											
1.183																											
1.192																											
1.200																											
1.208																											
1.217																											
1.225																											
1.233																											
1.242																											
1.250																											
1.258																											
1.267																											
1.275																											
1.283																											
1.292																											
1.300																											
1.308																											
1.317																											
1.325																											
1.333																											
1.342																											
1.350																											
1.358																											
1.367																											
1.375	83.34	174.4	165	90.62	175.3	165	183.5	140.7	165	168.9	150.7	165	150.7	163.5	165										226.3	178.9	165
1.383																											
1.392																											
1.400																											
1.408																											
1.417																											
1.425																											
1.433																											
1.442																											
1.450																											
1.458	73.32	181.7	175	85.16	182.6	175							199.9	171.7	175	181.7	141.6	175	198.1	149.8	175				213.5	175.3	175
1.467																											
1.475																											
1.483																											
1.492																											
1.500																											
1.508																											
1.517																											
1.525																											
1.533																											
1.542																											
1.550																											
1.558																											
1.567																											
1.575																											
1.583																											
1.592																											
1.600																											
1.608																											
1.617																											
1.625																											
1.633																											
1.642																											
1.650																											
1.658																											
1.667																											
1.675																											
1.683																											
1.692																											
1.700																											
1.708																											
1.717																											
1.725																											
1.733																											
1.742																											
1.750																											
1.758																											
1.767																											
1.775																											
1.783	18.69	181.7	214	28.71	188.0	214	48.74	141.6	214	63.31	144.3	214	77.88	161.6	214										169.8	173.5	214
1.792																											
1.800																											
1.808																											
1.817																											
1.825																											
1.833																											
1.842																											
1.850																											
1.858																											
1.867																											
1.875																											
1.883																											
1.892																											
1.900	5.948	167.1	228	17.78	175.3	228										181.7	141.6	228	174.4	158.0	228	156.2	172.6	228	166.2	169.8	228
1.908																											
1.917																											
1.925																											
1.933																											
1.942																											
1.950																											
1.958																											
1.967																											
1.975																											
1.983																											
1.992																											
2.000																											
2.008																											
2.017																											
2.025																											
2.033																											
2.042																											
2.050																											
2.058																											
2.067																											
2.075																											
2.083																											
2.092																											
2.100																											
2.108																											
2.117																											
2.125																											
2.133																											
2.142																											
2.150																											
2.158																											
2.167																											
2.175																											
2.183																											
2.192																											
2.200																											
2.208																											
2.217																											
2.225																											
2.233																											
2.242																											
2.250																											
2.258																											
2.267																											
2.275																											
2.283																											
2.292																											
2.300																											
2.308																											
2.317																											
2.325																											
2.333																											
2.342																											
2.350																											
2.358							40.55	140.7	283	28.71	148.9	283	6.859	166.2	283										76.05	184.4	283
2.367																											
2.375																											
2.383																											
2.392																											
2.400																											
2.408																											
2.417																											
2.425	-73.26	186.2	291	-62.34	186.2	291										35.99	138.9	291	49.65	151.6	291	54.20	169.8	291	69.68	175.3	291
2.433																											
2.442																											
2.450																											
2.458																											
2.467																											
2.475																											
2.483																											
2.492																											
2.500																											
2.508																											
2.517																											
2.525																											
2.533																											
2.542																											
2.550																											
2.558																											
2.567																											
2.575																											
2.583																											
2.592																											
2.600																											
2.608																											
2.617																											
2.625																											
2.633																											
2.642																											
2.650																											
2.658																											
2.667																											
2.675																											
2.683																											
2.692																											
2.700																											
2.708																											
2.717																											
2.725																											
2.733																											
2.742																											
2.750																											
2.758																											
2.767				-127.9	183.5	332	-102.4	138.0	332	-80.55	148.9	332	-67.80	168.9	332										30.53	171.7	332
2.775																											
2.783																											
2.792																											
2.800																											
2.808																											
2.817																											
2.825																											
2.833																											
2.842																											
2.850																											
2.858																											
2.867																											
2.875																											
2.883																											
2.892	-157.0	159.8	347	-147.9	164.4	347										27.80	138.9	347	23.25	153.4	347	1.396	173.5	347	8.680	180.8	347
2.900																											
2.908																											
2.917																											
2.925																											
2.933																											
2.942																											
2.950																											
2.958																											
2.967																											
2.975																											
2.983																											
2.992																											
3.000																											
3.008																											
3.017																											
3.025																											
3.033																											
3.042																											
3.050																											
3.058																											
3.067																											
3.075																											
3.083																											
3.092																											
3.100																											
3.108																											
3.117																											
3.125																											
3.133																											
3.142																											
3.150																											
3.158																											
3.167																											
3.175																											
3.183																											
3.192																											
3.200																											
3.208																											
3.217																											
3.225																											
3.233																											
3.242																											
3.250																											
3.258																											
3.267																											
3.275																											
3.283																											
3.292																											
3.300																											
3.308																											
3.317																											
3.325																											
3.333																											
3.342																											
3.350																											
3.358																											
3.367																											
3.375	-220.8	171.7	405	-210.7	176.2	405										-107.9	133.4	405	-89.65	149.8	405	-83.28	173.5	405	-68.71	171.7	405
3.383																											
3.392																											
3.400							-120.6	133.4	408	-133.4	140.7	408	-149.7	160.7	408												
3.408																											
3.417																											
3.425																											
3.433																											
3.442																											
3.450																											
3.458																											
3.467																											
3.475																											
3.483																											
3.492																											
3.500																											
3.508																											
3.517																											
3.525																											
3.533																											
3.542																											
3.550																											
3.558																											
3.567																											
3.575																											
3.583																											
3.592																											
3.600																											
3.608																											
3.617																											
3.625																											
3.633																											
3.642																											
3.650																											
3.658																											
3.667																											
3.675																											
3.683																											
3.692																											
3.700																											
3.708																											
3.717																											
3.725																											
3.733																											
3.742	-284.5	169.8	449	-268.1	175.3	449	-246.3	130.7	449	-228.0	142.5	449	-215.3	161.6	449										-117.0	172.6	449
3.750																											
3.758																											
3.767																											
3.775																											
3.783																											
3.792																											
3.800																											
3.808																											
3.817																											
3.825																											
3.833																											
3.842																											
3.850																											
3.858																											
3.867																											
3.875																											
3.883																											
3.892																											
3.900																											
3.908																											
3.917	-307.3	153.4	470	-298.1	160.7	470										-113.3	135.2	470	-133.4	154.4	470	-151.6	173.5	470	-135.2	175.3	470
3.925																											
3.933																											
3.942																											
3.950																											
3.958																											
3.967																											
3.975																											
3.983																											
3.992																											
4.000																											
4.008																											
4.017																											
4.025																											
4.033																											
4.042																											
4.050																											
4.058																											
4.067																											
4.075																											
4.083																											
4.092																											
4.100																											
4.108																											
4.117																											
4.125																											
4.133																											
4.142																											
4.150																											
4.158																											
4.167																											
4.175																											
4.183																											
4.192																											
4.200																											
4.208																											
4.217																											
4.225																											
4.233																											
4.242																											
4.250																											
4.258																											
4.267																											
4.275																											
4.283																											
4.292																											
4.300																											
4.308																											
4.317																											
4.325																											
4.333																											
4.342																											
4.350																											
4.358																											
4.367																											
4.375																											
4.383																											
4.392																											
4.400													-227.1	165.3	528	-246.3	131.6	528	-235.3	143.4	528				-211.7	168.0	528
4.408																											
4.417																											
4.425																											
4.433																											
4.442																											
4.450																											
4.458																											
4.467																											
4.475																											
4.483																											
4.492																											
4.500																											
4.508																											
4.517																											
4.525																											
4.533																											
4.542																											
4.550																											
4.558																											
4.567																											
4.575																											
4.583																											
4.592																											
4.600																											
4.608																											
4.617																											
4.625																											
4.633																											
4.642																											
4.650																											
4.658																											
4.667																											
4.675																											
4.683																											
4.692																											
4.700																											
4.708																											
4.717																											
4.725																											
4.733																											
4.742																											
4.750																											
4.758																											
4.767																											
4.775																											
4.783																											
4.792																											
4.800																											
4.808																											
4.817																											
4.825																											
4.833																											
4.842																											
4.850																											
4.858																											
4.867																											
4.875																											
4.883																											
4.892																											
4.900																											
4.908																											
4.917																											
4.925																											
4.933																											
4.942																											
4.950																											
4.958																											
4.967																											
4.975																											
4.983																											
4.992																-263.6	138.9	599	-271.7	150.7	599	-291.8	170.7	599	-280.8	178.0	599
