#multi:
	nose 			left front paw 			left back paw 			tail			
t	x	y	frame	x	y	frame	x	y	frame	x	y	frame	
3.467				291.4	-953.7	416						
3.475												
3.483												
3.492												
3.500												
3.508												
3.517												
3.525												
3.533												
3.542												
3.550												
3.558												
3.567												
3.575												
3.583												
3.592												
3.600												
3.608												
3.617												
3.625												
3.633												
3.642												
3.650												
3.658												
3.667												
3.675												
3.683												
3.692												
3.700												
3.708												
3.717												
3.725												
3.733												
3.742												
3.750												
3.758												
3.767												
3.775												
3.783												
3.792												
3.800												
3.808												
3.817												
3.825												
3.833												
3.842												
3.850												
3.858												
3.867												
3.875												
3.883												
3.892												
3.900												
3.908												
3.917												
3.925												
3.933												
3.942												
3.950												
3.958												
3.967												
3.975												
3.983												
3.992												
4.000												
4.008												
4.017												
4.025												
4.033												
4.042												
4.050												
4.058												
4.067												
4.075												
4.083												
4.092												
4.100												
4.108												
4.117												
4.125												
4.133												
4.142												
4.150												
4.158												
4.167												
4.175												
4.183												
4.192												
4.200												
4.208												
4.217												
4.225												
4.233												
4.242												
4.250												
4.258												
4.267												
4.275												
4.283												
4.292												
4.300												
4.308												
4.317												
4.325												
4.333												
4.342												
4.350												
4.358												
4.367												
4.375												
4.383												
4.392												
4.400												
4.408												
4.417												
4.425												
4.433												
4.442												
4.450												
4.458												
4.467												
4.475												
4.483												
4.492												
4.500												
4.508												
4.517												
4.525												
4.533												
4.542												
4.550												
4.558												
4.567												
4.575												
4.583												
4.592												
4.600												
4.608												
4.617												
4.625												
4.633												
4.642												
4.650												
4.658												
4.667												
4.675												
4.683												
4.692												
4.700												
4.708												
4.717												
4.725				801.2	-860.5	567						
4.733												
4.742												
4.750												
4.758												
4.767												
4.775												
4.783												
4.792												
4.800												
4.808												
4.817												
4.825												
4.833												
4.842												
4.850												
4.858												
4.867												
4.875												
4.883												
4.892												
4.900												
4.908												
4.917												
4.925												
4.933												
4.942												
4.950												
4.958												
4.967												
4.975												
4.983												
4.992												
5.000												
5.008												
5.017												
5.025												
5.033												
5.042												
5.050												
5.058												
5.067												
5.075												
5.083												
5.092												
5.100												
5.108												
5.117												
5.125												
5.133												
5.142												
5.150												
5.158												
5.167												
5.175												
5.183												
5.192												
5.200												
5.208												
5.217												
5.225												
5.233												
5.242												
5.250												
5.258												
5.267												
5.275												
5.283												
5.292												
5.300												
5.308												
5.317												
5.325												
5.333												
5.342												
5.350												
5.358												
5.367												
5.375												
5.383												
5.392												
5.400												
5.408												
5.417												
5.425												
5.433												
5.442												
5.450												
5.458												
5.467												
5.475												
5.483												
5.492												
5.500												
5.508												
5.517												
5.525												
5.533												
5.542												
5.550												
5.558												
5.567												
5.575												
5.583												
5.592												
5.600												
5.608												
5.617												
5.625												
5.633												
5.642												
5.650												
5.658												
5.667												
5.675												
5.683												
5.692												
5.700												
5.708												
5.717												
5.725												
5.733												
5.742												
5.750												
5.758												
5.767												
5.775												
5.783												
5.792												
5.800												
5.808												
5.817												
5.825												
5.833												
5.842												
5.850												
5.858												
5.867												
5.875												
5.883												
5.892												
5.900												
5.908												
5.917												
5.925												
5.933												
5.942												
5.950												
5.958												
5.967												
5.975												
5.983												
5.992												
6.000												
6.008												
6.017												
6.025												
6.033												
6.042												
6.050												
6.058												
6.067												
6.075												
6.083												
6.092												
6.100												
6.108												
6.117												
6.125												
6.133												
6.142												
6.150												
6.158												
6.167												
6.175												
6.183												
6.192												
6.200												
6.208												
6.217												
6.225												
6.233												
6.242												
6.250												
6.258												
6.267												
6.275												
6.283												
6.292												
6.300												
6.308												
6.317												
6.325												
6.333												
6.342												
6.350												
6.358												
6.367												
6.375												
6.383							393.3	-895.4	766	451.6	-595.4	766
6.392												
6.400												
6.408												
6.417												
6.425												
6.433												
6.442												
6.450												
6.458												
6.467												
6.475												
6.483												
6.492												
6.500												
6.508												
6.517												
6.525												
6.533												
6.542												
6.550												
6.558												
6.567												
6.575												
6.583												
6.592												
6.600												
6.608												
6.617												
6.625												
6.633												
6.642												
6.650												
6.658												
6.667												
6.675												
6.683												
6.692												
6.700												
6.708												
6.717												
6.725												
6.733												
6.742												
6.750												
6.758												
6.767												
6.775												
6.783												
6.792												
6.800												
6.808												
6.817												
6.825												
6.833												
6.842												
6.850												
6.858												
6.867												
6.875												
6.883												
6.892												
6.900												
6.908												
6.917												
6.925												
6.933												
6.942												
6.950												
6.958												
6.967												
6.975												
6.983												
6.992												
7.000												
7.008												
7.017												
7.025												
7.033												
7.042												
7.050												
7.058												
7.067												
7.075												
7.083												
7.092												
7.100												
7.108												
7.117												
7.125												
7.133												
7.142												
7.150												
7.158				842.0	-851.7	859						
7.167												
7.175												
7.183												
7.192												
7.200												
7.208												
7.217												
7.225												
7.233												
7.242												
7.250												
7.258												
7.267												
7.275												
7.283												
7.292												
7.300												
7.308												
7.317												
7.325												
7.333												
7.342												
7.350												
7.358												
7.367												
7.375												
7.383												
7.392												
7.400												
7.408												
7.417												
7.425												
7.433												
7.442												
7.450												
7.458												
7.467												
7.475												
7.483												
7.492							842.0	-857.6	899			
7.500												
7.508												
7.517												
7.525												
7.533												
7.542												
7.550												
7.558												
7.567												
7.575												
7.583												
7.592												
7.600												
7.608												
7.617												
7.625												
7.633												
7.642												
7.650												
7.658												
7.667												
7.675												
7.683												
7.692												
7.700												
7.708												
7.717												
7.725												
7.733												
7.742												
7.750												
7.758												
7.767												
7.775												
7.783												
7.792												
7.800												
7.808												
7.817												
7.825												
7.833												
7.842												
7.850												
7.858												
7.867												
7.875												
7.883												
7.892												
7.900												
7.908												
7.917												
7.925												
7.933												
7.942												
7.950												
7.958												
7.967												
7.975												
7.983												
7.992												
8.000												
8.008												
8.017												
8.025												
8.033												
8.042												
8.050												
8.058												
8.067												
8.075												
8.083												
8.092												
8.100												
8.108												
8.117				1.279E3	-802.2	974				731.3	-569.1	974
